[0, 0, 0]
[100000, -50000, 0]
[20000, -170000, -40000]
[-100000, -110000, -40000]
[-160000, -220000, -110000]
[-40000, -270000, -110000]
[-120000, -360000, -150000]
[-280000, -390000, -180000]
[-170000, -430000, -180000]
[-230000, -500000, -210000]
[-330000, -450000, -210000]
[-360000, -510000, -220000]
[-410000, -560000, -240000]
[-320000, -600000, -240000]


'0,0,0\r\n100000, -50000, 0\r\n20000, -170000, -40000\r\n-100000, -110000, -40000\r\n-160000, -220000, -110000\r\n-40000, -270000, -110000\r\n-120000, -360000, -150000\r\n-280000, -390000, -180000\r\n-170000, -430000, -180000\r\n-230000, -500000, -210000\r\n-330000, -450000, -210000\r\n-360000, -510000, -220000\r\n-410000, -560000, -240000\r\n-320000, -600000, -240000'